000000000000100000000000000000
000000000100100000000000000000
111000010101011111010000011010
101101000110000000111101111101
010001110111010011011000011101
011111111010100010100011000101
111110100111010101000100101110
100101011000001010010100011011
011100101101011111000001000001
110111111010001111000001011110
000110010101001100110010010110
010000100011111100100110100001
011110000000000000110110101101
010110000011000101001011101101
011001010111011001000000101010
111000111101111000101001100110
110000001111101110010011111001
001001110010110101101101110001
111011110100000111001000110111
111000100111111010100111111001
111100011111100000000001101011
010001000110011101110011000011
100111000101101000111010110000
100010001100110111010111000101
111111010101010101101111100110
111001101000000001000111000100
100000011000111000011011101011
001011010110110110000000101110
011000110001010011100111111110
110011011010011111101100111100
000011100011110100000011001011
010110101000101010011110011011
011101010001001100110100011001
111111000111100011010111000000
010100110100111010101111110000
101000101111011011001100110111
000000111001100110011011011000
001011101101100001011010000111
000111110111101011101101010000
110000111111010110111101101101
111010100000101110100010000110
010011100110001011101010101110
010100101011100000111000000011
110001011100001010100011111100
010101110011111001111000010001
111101110110000111000011001111
100101111100111101101001001011
110001110000010110110001010101
001001000000001110011111110010
101101000011001111000101011001
100111100000100100011100110000
110101010011010010111010100100
111111111000000111110000000111
000000100110100101001001011011
111100111011101110010010001010
000100001100110010110111111010
101111100110100111101011001011
000101101001100011100010100001
110101000111001000001001101101
110011101000111101000011001011
100011101100010101000011101110
010110110110001000011010101001
001100100000000011101001111110
001010101011100111110101110111
000100010010110100110010110001
010001010110100111001000100100
000111111100101001011100010111
100111101101000011001000110010
001101001101000011011100110001
100011110001001111110110101001
001011000111001101111101110001
110001100010111010100101100010
010100010001001111101111101100
010000101111110011101101000110
100011010010010011011100011100
010011011001000000111011101111
000100000010110100011000101111
110100111011111010001000011111
100101101111000011101101101001
010111110010100011101001010000
100110111110011010001011010010
011010110010110001101111000110
100010111010110011001001110110
111011110101001001010011111001
110110010111111011001100001110
111100000011111001011001100111
011011101010111101101110011011
110001100000101111010010000101
100100100000110110110011100011
100000011110000000001010101001
101101101110111001010010100000
101101000101000110111011110111
110010100011000111110110010100
000001101110111011100000101000
100011110101000101010101110100
001011100000101100101110010011
000000010011001111010101100111
001111101100000111110100001001
001100100010111110010011110001
010101111100110100110010111010
001000110100011001110100101010
000000000000000000000000000000
000000000000000000000000000000
000000000000000000000000000000
000000000000000000000000000000
000000000000000000000000000000
000000000000000000000000000000
000000000000000000000000000000
000000000000000000000000000000
000000000000000000000000000000
000000000000000000000000000000
000000000000000000000000000000
000000000000000000000000000000
